Date,Problem_Reports,Valid_Errors,CPU_hours,Time,Failures
Mar-74,726,411,1215.94,1,411
Apr-74,860,411,931.94,2,822
May-74,695,362,849.67,3,1184
Jun-74,814,192,960.23,4,1376
Jul-74,505,228,759.92,5,1604
Aug-74,503,229,854.87,6,1833
Sep-74,374,175,1086.87,7,2008
Oct-74,390,201,829.34,8,2209
Nov-74,356,177,934.01,9,2386
Dec-74,234,104,730.08,10,2490
Jan-75,277,109,722.93,11,2599
Feb-75,203,58,571.25,12,2657
